coffee_bean_pixel_threshold:
  lower: 5000
  upper: 25000

dataset_info:
  num_classes : 2
  input_size : 256
  mean: [0.5551365613937378, 0.5310814380645752, 0.4438391327857971]
  std: [0.30236372351646423, 0.2883330285549164, 0.22104455530643463]

  